bead_batch,nearest_dose,pert_dose,pert_dose_unit,pert_idose,pert_itime,pert_time,pert_time_unit,cell_mfc_name,pert_mfc_id,nsample,cc_q75,ss_ngene,tas,pct_self_rank_q25,wt,median_recall_rank_spearman,median_recall_rank_wtcs_50,median_recall_score_spearman,median_recall_score_wtcs_50,batch_effect_tstat,batch_effect_tstat_pct,is_hiq,qc_pass,pert_id,sig_id,pert_type,cell_iname,det_wells,det_plates,distil_ids,build_name,project_code,cmap_name,is_exemplar_sig,is_ncs_sig,is_null_sig,quality_replicates,duplIdentifier,dupl_counts,conditionId
b6,10,10,uM,10 uM,24 h,24,h,PC3,BRD-K47407372,3,0.46,522,0.495501,0.270027,"""""""""""""""""""""""""""""""""",54.321,35.2128,-0.0110707,0.365691,18.89,76.9165,0,1,BRD-K47407372,CPD001_PC3_24H:BRD-K47407372-001-11-4:10,trt_cp,PC3,N11,CPD001_PC3_24H_X1_B6_DUO52HI53LO|CPD001_PC3_24H_X2_B6_DUO52HI53LO|CPD001_PC3_24H_X3_B6_DUO52HI53LO,CPD001_PC3_24H_X1_B6_DUO52HI53LO:N11|CPD001_PC3_24H_X2_B6_DUO52HI53LO:N11|CPD001_PC3_24H_X3_B6_DUO52HI53LO:N11,,CPD,nifenazone,1,1,0,1,nifenazone_10 uM_24 h_PC3,1,nifenazone_10 uM_24 h
b11,10,10.0402,uM,10 uM,24 h,24,h,PC3,BRD-K17139610,3,0.48,254,0.353076,0,"""""""""""""""""""""""""""""""""",1.32979,1.32979,0.420287,0.655811,17.58,73.4999,1,1,BRD-K17139610,DOSBIO001_PC3_24H:BRD-K17139610:10.0402,trt_cp,PC3,B13,DOSBIO001_PC3_24H_X1_B11|DOSBIO001_PC3_24H_X2_B11|DOSBIO001_PC3_24H_X3_B11,DOSBIO001_PC3_24H_X1_B11:B13|DOSBIO001_PC3_24H_X2_B11:B13|DOSBIO001_PC3_24H_X3_B11:B13,,DOSBIO,BRD-K17139610,1,1,0,1,BRD-K17139610_10 uM_24 h_PC3,1,BRD-K17139610_10 uM_24 h
b23,10,10,uM,10 uM,24 h,24,h,PC3,BRD-K83354763,3,0.56,286,0.404676,0,"0.37,0.30,0.33",0,0,0.505269,0.731586,13.6,59.7761,1,1,BRD-K83354763,POL001_PC3_24H:A19,trt_cp,PC3,A19,POL001_PC3_24H_X1.L2_B23|POL001_PC3_24H_X2.L2_B23|POL001_PC3_24H_X3.L2_B23,POL001_PC3_24H_X1.L2_B23:A19|POL001_PC3_24H_X2.L2_B23:A19|POL001_PC3_24H_X3.L2_B23:A19,,POL,BRD-K83354763,1,1,0,1,BRD-K83354763_10 uM_24 h_PC3,1,BRD-K83354763_10 uM_24 h
b11,10,9.81225,uM,10 uM,24 h,24,h,PC3,BRD-K19390271,3,0.34,262,0.301801,0.889328,"""""""""""""""""""""""""""""""""",74.191,28.0991,-0.107399,0.368158,17.44,72.9831,0,1,BRD-K19390271,DOSBIO002_PC3_24H:BRD-K19390271:9.81225,trt_cp,PC3,F14,DOSBIO002_PC3_24H_X1_B11|DOSBIO002_PC3_24H_X2_B11|DOSBIO002_PC3_24H_X3_B11,DOSBIO002_PC3_24H_X1_B11:F14|DOSBIO002_PC3_24H_X2_B11:F14|DOSBIO002_PC3_24H_X3_B11:F14,,DOSBIO,BRD-K19390271,1,1,0,1,BRD-K19390271_10 uM_24 h_PC3,1,BRD-K19390271_10 uM_24 h
b11,10,10.0611,uM,10 uM,24 h,24,h,PC3,BRD-K20109053,3,0.66,420,0.532387,0,"""""""""""""""""""""""""""""""""",0.401802,0.266667,0.541133,0.809471,17.44,72.9831,1,1,BRD-K20109053,DOSBIO002_PC3_24H:BRD-K20109053:10.0611,trt_cp,PC3,C09,DOSBIO002_PC3_24H_X1_B11|DOSBIO002_PC3_24H_X2_B11|DOSBIO002_PC3_24H_X3_B11,DOSBIO002_PC3_24H_X1_B11:C09|DOSBIO002_PC3_24H_X2_B11:C09|DOSBIO002_PC3_24H_X3_B11:C09,,DOSBIO,BRD-K20109053,1,1,0,1,BRD-K20109053_10 uM_24 h_PC3,1,BRD-K20109053_10 uM_24 h
b11,10,10.1501,uM,10 uM,24 h,24,h,PC3,BRD-K62919978,3,0.53,302,0.40455,0,"""""""""""""""""""""""""""""""""",6.13514,12,0.394832,0.485717,17.44,72.9831,0,1,BRD-K62919978,DOSBIO002_PC3_24H:BRD-K62919978:10.1501,trt_cp,PC3,N11,DOSBIO002_PC3_24H_X1_B11|DOSBIO002_PC3_24H_X2_B11|DOSBIO002_PC3_24H_X3_B11,DOSBIO002_PC3_24H_X1_B11:N11|DOSBIO002_PC3_24H_X2_B11:N11|DOSBIO002_PC3_24H_X3_B11:N11,,DOSBIO,BRD-K62919978,1,1,0,1,BRD-K62919978_10 uM_24 h_PC3,1,BRD-K62919978_10 uM_24 h
b6,10,10,uM,10 uM,24 h,24,h,PC3,BRD-K60507178,3,0.38,321,0.353163,0.277008,"""""""""""""""""""""""""""""""""",0.408712,0.267742,0.343828,0.59342,18.69,76.3709,1,1,BRD-K60507178,CPD002_PC3_24H:BRD-K60507178-001-01-0:10,trt_cp,PC3,M23,CPD002_PC3_24H_X1_B6_DUO52HI53LO|CPD002_PC3_24H_X2_B6_DUO52HI53LO|CPD002_PC3_24H_X3_B6_DUO52HI53LO,CPD002_PC3_24H_X1_B6_DUO52HI53LO:M23|CPD002_PC3_24H_X2_B6_DUO52HI53LO:M23|CPD002_PC3_24H_X3_B6_DUO52HI53LO:M23,,CPD,BRD-K60507178,1,1,0,1,BRD-K60507178_10 uM_24 h_PC3,1,BRD-K60507178_10 uM_24 h
b6,10,10,uM,10 uM,6 h,6,h,PC3,BRD-K92310201,3,0.42,242,0.322376,0,"""""""""""""""""""""""""""""""""",0.399647,34.9734,0.365464,0.522009,55.36,98.8516,1,1,BRD-K92310201,CPD002_PC3_6H:BRD-K92310201-001-01-2:10,trt_cp,PC3,D05,CPD002_PC3_6H_X1_B6_DUO52HI53LO|CPD002_PC3_6H_X2_B6_DUO52HI53LO|CPD002_PC3_6H_X3_B6_DUO52HI53LO,CPD002_PC3_6H_X1_B6_DUO52HI53LO:D05|CPD002_PC3_6H_X2_B6_DUO52HI53LO:D05|CPD002_PC3_6H_X3_B6_DUO52HI53LO:D05,,CPD,mometasone,1,1,0,1,mometasone_10 uM_6 h_PC3,1,mometasone_10 uM_6 h
b3,10,10,uM,10 uM,6 h,6,h,PC3,BRD-K39120595,5,0.44,234,0.324463,0,"""""""""""""""""""""""""""""""""",0.201849,0.133167,0.294302,0.628517,25.1,87.8266,1,1,BRD-K39120595,CPC004_PC3_6H:BRD-K39120595-304-03-9:10,trt_cp,PC3,F01,CPC004_PC3_6H_X1_B3_DUO52HI53LO|CPC004_PC3_6H_X2_B3_DUO52HI53LO|CPC004_PC3_6H_X3_B3_DUO52HI53LO|CPC004_PC3_6H_X4_B4_DUO52HI53LO|CPC004_PC3_6H_X5_F1B5_DUO52HI53LO,CPC004_PC3_6H_X1_B3_DUO52HI53LO:F01|CPC004_PC3_6H_X2_B3_DUO52HI53LO:F01|CPC004_PC3_6H_X3_B3_DUO52HI53LO:F01|CPC004_PC3_6H_X4_B4_DUO52HI53LO:F01|CPC004_PC3_6H_X5_F1B5_DUO52HI53LO:F01,,CPC,bithionol,1,1,0,1,bithionol_10 uM_6 h_PC3,1,bithionol_10 uM_6 h
b3,10,10,uM,10 uM,24 h,24,h,PC3,BRD-A14574269-051-01-4,5,0.2585,383,0.318171,2.95381,"0.34,0.23,0.33,0.07,0.02",21.8966,43.0183,0.0620893,0.176894,30.03,91.8748,0,1,BRD-A14574269,CPC001_PC3_24H:L03,trt_cp,PC3,L03,CPC001_PC3_24H_X1_B3_DUO52HI53LO|CPC001_PC3_24H_X2_B3_DUO52HI53LO|CPC001_PC3_24H_X3_F1B3_DUO52HI53LO|CPC001_PC3_24H_X4_F2B4_DUO52HI53LO|CPC001_PC3_24H_X5_B5_DUO52HI53LO,CPC001_PC3_24H_X1_B3_DUO52HI53LO:L03|CPC001_PC3_24H_X2_B3_DUO52HI53LO:L03|CPC001_PC3_24H_X3_F1B3_DUO52HI53LO:L03|CPC001_PC3_24H_X4_F2B4_DUO52HI53LO:L03|CPC001_PC3_24H_X5_B5_DUO52HI53LO:L03,,CPC,UB-165,1,1,0,1,UB-165_10 uM_24 h_PC3,1,UB-165_10 uM_24 h
b3,10,10,uM,10 uM,6 h,6,h,PC3,BRD-K62578746,5,0.23,457,0.327833,9.5315,"""""""""""""""""""""""""""""""""",16.5099,28.4619,0.107913,0.225161,27.53,90.2957,0,1,BRD-K62578746,CPC008_PC3_6H:BRD-K62578746-001-01-2:10,trt_cp,PC3,I22,CPC008_PC3_6H_X1_B3_DUO52HI53LO|CPC008_PC3_6H_X2_B3_DUO52HI53LO|CPC008_PC3_6H_X3_B3_DUO52HI53LO|CPC008_PC3_6H_X4_F1B5_DUO52HI53LO|CPC008_PC3_6H_X5_F1B5_DUO52HI53LO,CPC008_PC3_6H_X1_B3_DUO52HI53LO:I22|CPC008_PC3_6H_X2_B3_DUO52HI53LO:I22|CPC008_PC3_6H_X3_B3_DUO52HI53LO:I22|CPC008_PC3_6H_X4_F1B5_DUO52HI53LO:I22|CPC008_PC3_6H_X5_F1B5_DUO52HI53LO:I22,,CPC,BRD-K62578746,1,1,0,1,BRD-K62578746_10 uM_6 h_PC3,1,BRD-K62578746_10 uM_6 h
b5,10,10,uM,10 uM,24 h,24,h,PC3,BRD-K31841256,5,0.43,279,0.350241,0.163845,"""""""""""""""""""""""""""""""""",1.61065,0.742944,0.331493,0.610518,18.07,74.5047,1,1,BRD-K31841256,CPC014_PC3_24H:BRD-K31841256-001-01-4:10,trt_cp,PC3,O17,CPC014_PC3_24H_X1_B5_DUO52HI53LO|CPC014_PC3_24H_X2_B5_DUO52HI53LO|CPC014_PC3_24H_X3_F2B4_DUO52HI53LO|CPC014_PC3_24H_X4_B5_DUO52HI53LO|CPC014_PC3_24H_X5.L2_F2B5_DUO52HI53LO,CPC014_PC3_24H_X1_B5_DUO52HI53LO:O17|CPC014_PC3_24H_X2_B5_DUO52HI53LO:O17|CPC014_PC3_24H_X3_F2B4_DUO52HI53LO:O17|CPC014_PC3_24H_X4_B5_DUO52HI53LO:O17|CPC014_PC3_24H_X5.L2_F2B5_DUO52HI53LO:O17,,CPC,BRD-K31841256,1,1,0,1,BRD-K31841256_10 uM_24 h_PC3,1,BRD-K31841256_10 uM_24 h
b5,10,10,uM,10 uM,24 h,24,h,PC3,BRD-K23673040,4,0.35,258,0.303861,0.0685871,"""""""""""""""""""""""""""""""""",4.35575,23.3888,0.248881,0.403886,10.89,46.2245,1,1,BRD-K23673040,CPC007_PC3_24H:BRD-K23673040-001-12-9:10,trt_cp,PC3,A15,CPC007_PC3_24H_X1_B5_DUO52HI53LO|CPC007_PC3_24H_X2_B5_DUO52HI53LO|CPC007_PC3_24H_X3_B5_DUO52HI53LO|CPC007_PC3_24H_X5_F1B5_DUO52HI53LO,CPC007_PC3_24H_X1_B5_DUO52HI53LO:A15|CPC007_PC3_24H_X2_B5_DUO52HI53LO:A15|CPC007_PC3_24H_X3_B5_DUO52HI53LO:A15|CPC007_PC3_24H_X5_F1B5_DUO52HI53LO:A15,,CPC,BRD-K23673040,1,1,0,1,BRD-K23673040_10 uM_24 h_PC3,1,BRD-K23673040_10 uM_24 h
b3,10,10,uM,10 uM,24 h,24,h,PC3,BRD-A68723818,5,0.45,285,0.362126,0.0547945,"""""""""""""""""""""""""""""""""",0.135501,0.0677507,0.393277,0.649632,35.19,95.1479,1,1,BRD-A68723818,CPC004_PC3_24H:BRD-A68723818-050-18-4:10,trt_cp,PC3,H20,CPC004_PC3_24H_X1_B3_DUO52HI53LO|CPC004_PC3_24H_X2_B3_DUO52HI53LO|CPC004_PC3_24H_X3_B3_DUO52HI53LO|CPC004_PC3_24H_X4_B4_DUO52HI53LO|CPC004_PC3_24H_X5_B5_DUO52HI53LO,CPC004_PC3_24H_X1_B3_DUO52HI53LO:H20|CPC004_PC3_24H_X2_B3_DUO52HI53LO:H20|CPC004_PC3_24H_X3_B3_DUO52HI53LO:H20|CPC004_PC3_24H_X4_B4_DUO52HI53LO:H20|CPC004_PC3_24H_X5_B5_DUO52HI53LO:H20,,CPC,brompheniramine,1,1,0,1,brompheniramine_10 uM_24 h_PC3,1,brompheniramine_10 uM_24 h
b5,10,10,uM,10 uM,24 h,24,h,PC3,BRD-A23290232,5,0.43,395,0.416738,0.766703,"""""""""""""""""""""""""""""""""",10.0669,14.3175,0.320085,0.464801,19.14,77.4907,0,1,BRD-A23290232,CPC020_PC3_24H:BRD-A23290232-001-02-3:10,trt_cp,PC3,L22,CPC020_PC3_24H_X1_B5_DUO52HI53LO|CPC020_PC3_24H_X2_B5_DUO52HI53LO|CPC020_PC3_24H_X3_B5_DUO52HI53LO|CPC020_PC3_24H_X4_B5_DUO52HI53LO|CPC020_PC3_24H_X5_B5_DUO52HI53LO,CPC020_PC3_24H_X1_B5_DUO52HI53LO:L22|CPC020_PC3_24H_X2_B5_DUO52HI53LO:L22|CPC020_PC3_24H_X3_B5_DUO52HI53LO:L22|CPC020_PC3_24H_X4_B5_DUO52HI53LO:L22|CPC020_PC3_24H_X5_B5_DUO52HI53LO:L22,,CPC,westcort,1,1,0,1,westcort_10 uM_24 h_PC3,1,westcort_10 uM_24 h
b5,10,10,uM,10 uM,24 h,24,h,PC3,BRD-K10916986,5,0.45,213,0.313059,0.32769,"""""""""""""""""""""""""""""""""",0.802139,0.801426,0.406681,0.578521,18.07,74.5047,1,1,BRD-K10916986,CPC014_PC3_24H:BRD-K10916986-001-01-6:10,trt_cp,PC3,F14,CPC014_PC3_24H_X1_B5_DUO52HI53LO|CPC014_PC3_24H_X2_B5_DUO52HI53LO|CPC014_PC3_24H_X3_F2B4_DUO52HI53LO|CPC014_PC3_24H_X4_B5_DUO52HI53LO|CPC014_PC3_24H_X5.L2_F2B5_DUO52HI53LO,CPC014_PC3_24H_X1_B5_DUO52HI53LO:F14|CPC014_PC3_24H_X2_B5_DUO52HI53LO:F14|CPC014_PC3_24H_X3_F2B4_DUO52HI53LO:F14|CPC014_PC3_24H_X4_B5_DUO52HI53LO:F14|CPC014_PC3_24H_X5.L2_F2B5_DUO52HI53LO:F14,,CPC,vinorelbine,1,1,0,1,vinorelbine_10 uM_24 h_PC3,2,vinorelbine_10 uM_24 h
b4,10,10,uM,10 uM,6 h,6,h,PC3,BRD-K83643280,5,0.55,421,0.486579,0,"""""""""""""""""""""""""""""""""",0,0,0.490593,0.688905,30.89,92.5639,1,1,BRD-K83643280,CPC013_PC3_6H:BRD-K83643280-001-01-1:10,trt_cp,PC3,D09,CPC013_PC3_6H_X1_B4_DUO52HI53LO|CPC013_PC3_6H_X2_B4_DUO52HI53LO|CPC013_PC3_6H_X3_B4_DUO52HI53LO|CPC013_PC3_6H_X4_B5_DUO52HI53LO|CPC013_PC3_6H_X5_B5_DUO52HI53LO,CPC013_PC3_6H_X1_B4_DUO52HI53LO:D09|CPC013_PC3_6H_X2_B4_DUO52HI53LO:D09|CPC013_PC3_6H_X3_B4_DUO52HI53LO:D09|CPC013_PC3_6H_X4_B5_DUO52HI53LO:D09|CPC013_PC3_6H_X5_B5_DUO52HI53LO:D09,,CPC,BG-FA-0953,1,1,0,1,BG-FA-0953_10 uM_6 h_PC3,1,BG-FA-0953_10 uM_6 h
b4,10,10,uM,10 uM,6 h,6,h,PC3,BRD-U33728988,4,0.62,414,0.512303,0,"""""""""""""""""""""""""""""""""",0,0,0.567713,0.779548,19.78,79.242,1,1,BRD-U33728988,CPC014_PC3_6H:BRD-U33728988-000-01-6:10,trt_cp,PC3,G15,CPC014_PC3_6H_X1_B4_DUO52HI53LO|CPC014_PC3_6H_X2_B4_DUO52HI53LO|CPC014_PC3_6H_X3_B4_DUO52HI53LO|CPC014_PC3_6H_X4_B5_DUO52HI53LO,CPC014_PC3_6H_X1_B4_DUO52HI53LO:G15|CPC014_PC3_6H_X2_B4_DUO52HI53LO:G15|CPC014_PC3_6H_X3_B4_DUO52HI53LO:G15|CPC014_PC3_6H_X4_B5_DUO52HI53LO:G15,,CPC,QL-X-138,1,1,0,1,QL-X-138_10 uM_6 h_PC3,1,QL-X-138_10 uM_6 h
b5,10,10,uM,10 uM,24 h,24,h,PC3,BRD-K75903201,4,0.5,268,0.370154,2.94925,"""""""""""""""""""""""""""""""""",3.53993,5.60319,0.428928,0.517268,10.89,46.2245,1,1,BRD-K75903201,CPC007_PC3_24H:BRD-K75903201-001-11-4:10,trt_cp,PC3,D03,CPC007_PC3_24H_X1_B5_DUO52HI53LO|CPC007_PC3_24H_X2_B5_DUO52HI53LO|CPC007_PC3_24H_X3_B5_DUO52HI53LO|CPC007_PC3_24H_X5_F1B5_DUO52HI53LO,CPC007_PC3_24H_X1_B5_DUO52HI53LO:D03|CPC007_PC3_24H_X2_B5_DUO52HI53LO:D03|CPC007_PC3_24H_X3_B5_DUO52HI53LO:D03|CPC007_PC3_24H_X5_F1B5_DUO52HI53LO:D03,,CPC,BRD-K75903201,1,1,0,1,BRD-K75903201_10 uM_24 h_PC3,1,BRD-K75903201_10 uM_24 h
b5,10,10,uM,10 uM,24 h,24,h,PC3,BRD-A90643929,5,0.38,356,0.371918,0.847458,"""""""""""""""""""""""""""""""""",11.8818,24.481,0.239808,0.394588,18.31,75.2512,0,1,BRD-A90643929,CPC013_PC3_24H:BRD-A90643929-001-01-1:10,trt_cp,PC3,H17,CPC013_PC3_24H_X1_B5_DUO52HI53LO|CPC013_PC3_24H_X2_B5_DUO52HI53LO|CPC013_PC3_24H_X3_B5_DUO52HI53LO|CPC013_PC3_24H_X4_B5_DUO52HI53LO|CPC013_PC3_24H_X5_B5_DUO52HI53LO,CPC013_PC3_24H_X1_B5_DUO52HI53LO:H17|CPC013_PC3_24H_X2_B5_DUO52HI53LO:H17|CPC013_PC3_24H_X3_B5_DUO52HI53LO:H17|CPC013_PC3_24H_X4_B5_DUO52HI53LO:H17|CPC013_PC3_24H_X5_B5_DUO52HI53LO:H17,,CPC,BRD-A90643929,1,1,0,1,BRD-A90643929_10 uM_24 h_PC3,1,BRD-A90643929_10 uM_24 h
f1b4,10,10,uM,10 uM,24 h,24,h,PC3,BRD-A43640821,5,0.4,321,0.362337,0.163399,"""""""""""""""""""""""""""""""""",3.03492,0.540735,0.334641,0.574229,21.13,81.6825,1,1,BRD-A43640821,CPC009_PC3_24H:BRD-A43640821-001-04-8:10,trt_cp,PC3,O20,CPC009_PC3_24H_X1_F1B4_DUO52HI53LO|CPC009_PC3_24H_X2_F1B4_DUO52HI53LO|CPC009_PC3_24H_X3_F1B4_DUO52HI53LO|CPC009_PC3_24H_X4_B5_DUO52HI53LO|CPC009_PC3_24H_X5_F1B5_DUO52HI53LO,CPC009_PC3_24H_X1_F1B4_DUO52HI53LO:O20|CPC009_PC3_24H_X2_F1B4_DUO52HI53LO:O20|CPC009_PC3_24H_X3_F1B4_DUO52HI53LO:O20|CPC009_PC3_24H_X4_B5_DUO52HI53LO:O20|CPC009_PC3_24H_X5_F1B5_DUO52HI53LO:O20,,CPC,BRD-A43640821,1,1,0,1,BRD-A43640821_10 uM_24 h_PC3,1,BRD-A43640821_10 uM_24 h
b3,10,10,uM,10 uM,24 h,24,h,PC3,BRD-K81169441,4,0.64,473,0.556354,0,"""""""""""""""""""""""""""""""""",0,0,0.621216,0.803328,20.96,81.3953,1,1,BRD-K81169441,CPC011_PC3_24H:BRD-K81169441-236-06-6:10,trt_cp,PC3,H13,CPC011_PC3_24H_X1_B3_DUO52HI53LO|CPC011_PC3_24H_X2_B3_DUO52HI53LO|CPC011_PC3_24H_X4_B5_DUO52HI53LO|CPC011_PC3_24H_X5_B5_DUO52HI53LO,CPC011_PC3_24H_X1_B3_DUO52HI53LO:H13|CPC011_PC3_24H_X2_B3_DUO52HI53LO:H13|CPC011_PC3_24H_X4_B5_DUO52HI53LO:H13|CPC011_PC3_24H_X5_B5_DUO52HI53LO:H13,,CPC,cerivastatin,1,1,0,1,cerivastatin_10 uM_24 h_PC3,1,cerivastatin_10 uM_24 h
b4,0.66,0.63,uM,0.66 uM,24 h,24,h,PC3,BRD-K01976263-003-04-5,5,0.6342,429,0.527439,0,"0.21,0.19,0.18,0.22,0.20",0,0,0.581935,0.729609,21.67,82.8883,1,1,BRD-K01976263,CPC006_PC3_24H:N07,trt_cp,PC3,N07,CPC006_PC3_24H_X1_B4_DUO52HI53LO|CPC006_PC3_24H_X2_F1B3_DUO52HI53LO|CPC006_PC3_24H_X3_F1B3_DUO52HI53LO|CPC006_PC3_24H_X4_B4_DUO52HI53LO|CPC006_PC3_24H_X5_B4_DUO52HI53LO,CPC006_PC3_24H_X1_B4_DUO52HI53LO:N07|CPC006_PC3_24H_X2_F1B3_DUO52HI53LO:N07|CPC006_PC3_24H_X3_F1B3_DUO52HI53LO:N07|CPC006_PC3_24H_X4_B4_DUO52HI53LO:N07|CPC006_PC3_24H_X5_B4_DUO52HI53LO:N07,,CPC,emetine,1,1,0,1,emetine_0.66 uM_24 h_PC3,1,emetine_0.66 uM_24 h
f2b4,10,10,uM,10 uM,24 h,24,h,PC3,BRD-K40094191,5,0.35,286,0.319925,0.0539957,"""""""""""""""""""""""""""""""""",0.0673854,0.403235,0.294082,0.543119,19.15,77.5194,1,1,BRD-K40094191,CPC010_PC3_24H:BRD-K40094191-001-05-8:10,trt_cp,PC3,L10,CPC010_PC3_24H_X1_F2B4_DUO52HI53LO|CPC010_PC3_24H_X2_B5_DUO52HI53LO|CPC010_PC3_24H_X3_B5_DUO52HI53LO|CPC010_PC3_24H_X4_F2B4_DUO52HI53LO|CPC010_PC3_24H_X5_B5_DUO52HI53LO,CPC010_PC3_24H_X1_F2B4_DUO52HI53LO:L10|CPC010_PC3_24H_X2_B5_DUO52HI53LO:L10|CPC010_PC3_24H_X3_B5_DUO52HI53LO:L10|CPC010_PC3_24H_X4_F2B4_DUO52HI53LO:L10|CPC010_PC3_24H_X5_B5_DUO52HI53LO:L10,,CPC,BRD-K40094191,1,1,0,1,BRD-K40094191_10 uM_24 h_PC3,1,BRD-K40094191_10 uM_24 h
b3,10,10,uM,10 uM,24 h,24,h,PC3,BRD-K13169950,5,0.65,577,0.619263,0,"""""""""""""""""""""""""""""""""",0,0,0.560016,0.754156,25.09,87.7692,1,1,BRD-K13169950,CPC003_PC3_24H:BRD-K13169950-001-04-5:10,trt_cp,PC3,L22,CPC003_PC3_24H_X1_B3_DUO52HI53LO|CPC003_PC3_24H_X2_B3_DUO52HI53LO|CPC003_PC3_24H_X3_B3_DUO52HI53LO|CPC003_PC3_24H_X4_F1B5_DUO52HI53LO|CPC003_PC3_24H_X5_B5_DUO52HI53LO,CPC003_PC3_24H_X1_B3_DUO52HI53LO:L22|CPC003_PC3_24H_X2_B3_DUO52HI53LO:L22|CPC003_PC3_24H_X3_B3_DUO52HI53LO:L22|CPC003_PC3_24H_X4_F1B5_DUO52HI53LO:L22|CPC003_PC3_24H_X5_B5_DUO52HI53LO:L22,,CPC,NSC-3852,1,1,0,1,NSC-3852_10 uM_24 h_PC3,1,NSC-3852_10 uM_24 h
b4,10,10,uM,10 uM,6 h,6,h,PC3,BRD-K37043259,5,0.36,252,0.304566,1.19565,"""""""""""""""""""""""""""""""""",4.28674,4.60836,0.260741,0.516596,28.6,91.1858,1,1,BRD-K37043259,CPC019_PC3_6H:BRD-K37043259-001-01-8:10,trt_cp,PC3,A14,CPC019_PC3_6H_X1_B4_DUO52HI53LO|CPC019_PC3_6H_X2_B4_DUO52HI53LO|CPC019_PC3_6H_X3_B4_DUO52HI53LO|CPC019_PC3_6H_X4_F1B4_DUO52HI53LO|CPC019_PC3_6H_X5_F1B4_DUO52HI53LO,CPC019_PC3_6H_X1_B4_DUO52HI53LO:A14|CPC019_PC3_6H_X2_B4_DUO52HI53LO:A14|CPC019_PC3_6H_X3_B4_DUO52HI53LO:A14|CPC019_PC3_6H_X4_F1B4_DUO52HI53LO:A14|CPC019_PC3_6H_X5_F1B4_DUO52HI53LO:A14,,CPC,BRD-K37043259,1,1,0,1,BRD-K37043259_10 uM_6 h_PC3,1,BRD-K37043259_10 uM_6 h
b3,10,10,uM,10 uM,6 h,6,h,PC3,BRD-K95037415,5,0.49,336,0.410297,0.107701,"""""""""""""""""""""""""""""""""",0,0,0.394003,0.711463,27.53,90.2957,1,1,BRD-K95037415,CPC008_PC3_6H:BRD-K95037415-001-06-9:10,trt_cp,PC3,E22,CPC008_PC3_6H_X1_B3_DUO52HI53LO|CPC008_PC3_6H_X2_B3_DUO52HI53LO|CPC008_PC3_6H_X3_B3_DUO52HI53LO|CPC008_PC3_6H_X4_F1B5_DUO52HI53LO|CPC008_PC3_6H_X5_F1B5_DUO52HI53LO,CPC008_PC3_6H_X1_B3_DUO52HI53LO:E22|CPC008_PC3_6H_X2_B3_DUO52HI53LO:E22|CPC008_PC3_6H_X3_B3_DUO52HI53LO:E22|CPC008_PC3_6H_X4_F1B5_DUO52HI53LO:E22|CPC008_PC3_6H_X5_F1B5_DUO52HI53LO:E22,,CPC,BRD-K95037415,1,1,0,1,BRD-K95037415_10 uM_6 h_PC3,1,BRD-K95037415_10 uM_6 h
b3,10,10,uM,10 uM,24 h,24,h,PC3,BRD-K88625236,5,0.34,437,0.389772,0.431965,"""""""""""""""""""""""""""""""""",1.21162,1.45839,0.277857,0.575969,25.09,87.7692,1,1,BRD-K88625236,CPC003_PC3_24H:BRD-K88625236-001-03-4:10,trt_cp,PC3,I23,CPC003_PC3_24H_X1_B3_DUO52HI53LO|CPC003_PC3_24H_X2_B3_DUO52HI53LO|CPC003_PC3_24H_X3_B3_DUO52HI53LO|CPC003_PC3_24H_X4_F1B5_DUO52HI53LO|CPC003_PC3_24H_X5_B5_DUO52HI53LO,CPC003_PC3_24H_X1_B3_DUO52HI53LO:I23|CPC003_PC3_24H_X2_B3_DUO52HI53LO:I23|CPC003_PC3_24H_X3_B3_DUO52HI53LO:I23|CPC003_PC3_24H_X4_F1B5_DUO52HI53LO:I23|CPC003_PC3_24H_X5_B5_DUO52HI53LO:I23,,CPC,nonoxynol-9,1,1,0,1,nonoxynol-9_10 uM_24 h_PC3,1,nonoxynol-9_10 uM_24 h
b3,10,10,uM,10 uM,6 h,6,h,PC3,BRD-K29198371,5,0.4,439,0.423734,1.73067,"""""""""""""""""""""""""""""""""",22.6445,19.4815,0.070257,0.317247,15.49,66.6667,0,1,BRD-K29198371,CPC007_PC3_6H:BRD-K29198371-001-06-2:10,trt_cp,PC3,B11,CPC007_PC3_6H_X1_B3_DUO52HI53LO|CPC007_PC3_6H_X2_B3_DUO52HI53LO|CPC007_PC3_6H_X3_B3_DUO52HI53LO|CPC007_PC3_6H_X4_F1B5_DUO52HI53LO|CPC007_PC3_6H_X5_F1B5_DUO52HI53LO,CPC007_PC3_6H_X1_B3_DUO52HI53LO:B11|CPC007_PC3_6H_X2_B3_DUO52HI53LO:B11|CPC007_PC3_6H_X3_B3_DUO52HI53LO:B11|CPC007_PC3_6H_X4_F1B5_DUO52HI53LO:B11|CPC007_PC3_6H_X5_F1B5_DUO52HI53LO:B11,,CPC,JAS07-003,1,1,0,1,JAS07-003_10 uM_6 h_PC3,1,JAS07-003_10 uM_6 h
b5,10,10,uM,10 uM,24 h,24,h,PC3,BRD-K74348865,3,0.3,355,0.329993,0.788732,"""""""""""""""""""""""""""""""""",15.4919,5.26532,0.167418,0.487492,21.35,82.3428,0,1,BRD-K74348865,CPC008_PC3_24H:BRD-K74348865-001-04-5:10,trt_cp,PC3,N20,CPC008_PC3_24H_X1_B5_DUO52HI53LO|CPC008_PC3_24H_X2_B5_DUO52HI53LO|CPC008_PC3_24H_X3_B5_DUO52HI53LO,CPC008_PC3_24H_X1_B5_DUO52HI53LO:N20|CPC008_PC3_24H_X2_B5_DUO52HI53LO:N20|CPC008_PC3_24H_X3_B5_DUO52HI53LO:N20,,CPC,BRD-K74348865,1,1,0,1,BRD-K74348865_10 uM_24 h_PC3,1,BRD-K74348865_10 uM_24 h
b3,10,10,uM,10 uM,6 h,6,h,PC3,BRD-K36055864,5,0.67,448,0.553996,0.0547645,"""""""""""""""""""""""""""""""""",0.0659631,0.133694,0.636508,0.813731,25.1,87.8266,1,1,BRD-K36055864,CPC004_PC3_6H:BRD-K36055864-001-09-3:10,trt_cp,PC3,G06,CPC004_PC3_6H_X1_B3_DUO52HI53LO|CPC004_PC3_6H_X2_B3_DUO52HI53LO|CPC004_PC3_6H_X3_B3_DUO52HI53LO|CPC004_PC3_6H_X4_B4_DUO52HI53LO|CPC004_PC3_6H_X5_F1B5_DUO52HI53LO,CPC004_PC3_6H_X1_B3_DUO52HI53LO:G06|CPC004_PC3_6H_X2_B3_DUO52HI53LO:G06|CPC004_PC3_6H_X3_B3_DUO52HI53LO:G06|CPC004_PC3_6H_X4_B4_DUO52HI53LO:G06|CPC004_PC3_6H_X5_F1B5_DUO52HI53LO:G06,,CPC,cycloheximide,1,1,0,1,cycloheximide_10 uM_6 h_PC3,1,cycloheximide_10 uM_6 h
b3,10,10,uM,10 uM,24 h,24,h,PC3,BRD-K97514127,4,0.6,375,0.479647,0.0685871,"""""""""""""""""""""""""""""""""",0.202529,0.0672043,0.52466,0.764749,20.96,81.3953,1,1,BRD-K97514127,CPC011_PC3_24H:BRD-K97514127-045-02-0:10,trt_cp,PC3,D08,CPC011_PC3_24H_X1_B3_DUO52HI53LO|CPC011_PC3_24H_X2_B3_DUO52HI53LO|CPC011_PC3_24H_X4_B5_DUO52HI53LO|CPC011_PC3_24H_X5_B5_DUO52HI53LO,CPC011_PC3_24H_X1_B3_DUO52HI53LO:D08|CPC011_PC3_24H_X2_B3_DUO52HI53LO:D08|CPC011_PC3_24H_X4_B5_DUO52HI53LO:D08|CPC011_PC3_24H_X5_B5_DUO52HI53LO:D08,,CPC,vinorelbine,1,1,0,1,vinorelbine_10 uM_24 h_PC3,2,vinorelbine_10 uM_24 h
b3,10,10,uM,10 uM,24 h,24,h,PC3,BRD-K31238592,5,0.51,437,0.477371,0,"""""""""""""""""""""""""""""""""",0,0,0.458728,0.694163,25.09,87.7692,1,1,BRD-K31238592,CPC003_PC3_24H:BRD-K31238592-001-01-6:10,trt_cp,PC3,H03,CPC003_PC3_24H_X1_B3_DUO52HI53LO|CPC003_PC3_24H_X2_B3_DUO52HI53LO|CPC003_PC3_24H_X3_B3_DUO52HI53LO|CPC003_PC3_24H_X4_F1B5_DUO52HI53LO|CPC003_PC3_24H_X5_B5_DUO52HI53LO,CPC003_PC3_24H_X1_B3_DUO52HI53LO:H03|CPC003_PC3_24H_X2_B3_DUO52HI53LO:H03|CPC003_PC3_24H_X3_B3_DUO52HI53LO:H03|CPC003_PC3_24H_X4_F1B5_DUO52HI53LO:H03|CPC003_PC3_24H_X5_B5_DUO52HI53LO:H03,,CPC,devazepide,1,1,0,1,devazepide_10 uM_24 h_PC3,1,devazepide_10 uM_24 h
f2b4,10,10,uM,10 uM,24 h,24,h,PC3,BRD-K65742362,5,0.33,274,0.304062,1.61987,"""""""""""""""""""""""""""""""""",6.14065,9.28929,0.260993,0.483951,19.15,77.5194,0,1,BRD-K65742362,CPC010_PC3_24H:BRD-K65742362-001-06-3:10,trt_cp,PC3,M12,CPC010_PC3_24H_X1_F2B4_DUO52HI53LO|CPC010_PC3_24H_X2_B5_DUO52HI53LO|CPC010_PC3_24H_X3_B5_DUO52HI53LO|CPC010_PC3_24H_X4_F2B4_DUO52HI53LO|CPC010_PC3_24H_X5_B5_DUO52HI53LO,CPC010_PC3_24H_X1_F2B4_DUO52HI53LO:M12|CPC010_PC3_24H_X2_B5_DUO52HI53LO:M12|CPC010_PC3_24H_X3_B5_DUO52HI53LO:M12|CPC010_PC3_24H_X4_F2B4_DUO52HI53LO:M12|CPC010_PC3_24H_X5_B5_DUO52HI53LO:M12,,CPC,BRD-K65742362,1,1,0,1,BRD-K65742362_10 uM_24 h_PC3,1,BRD-K65742362_10 uM_24 h
b5,10,10,uM,10 uM,24 h,24,h,PC3,BRD-K93623754,3,0.2,472,0.310682,7.68176,"""""""""""""""""""""""""""""""""",21.8556,12.1862,0.139665,0.462109,10.89,46.2245,0,1,BRD-K93623754,CPC007_PC3_24H:BRD-K93623754-001-04-2:10,trt_cp,PC3,K20,CPC007_PC3_24H_X2_B5_DUO52HI53LO|CPC007_PC3_24H_X3_B5_DUO52HI53LO|CPC007_PC3_24H_X5_F1B5_DUO52HI53LO,CPC007_PC3_24H_X2_B5_DUO52HI53LO:K20|CPC007_PC3_24H_X3_B5_DUO52HI53LO:K20|CPC007_PC3_24H_X5_F1B5_DUO52HI53LO:K20,,CPC,BRD-K93623754,1,1,0,1,BRD-K93623754_10 uM_24 h_PC3,1,BRD-K93623754_10 uM_24 h
b5,10,10,uM,10 uM,24 h,24,h,PC3,BRD-K92742972,4,0.22,623,0.374357,11.3803,"""""""""""""""""""""""""""""""""",20.0505,24.3767,0.126654,0.393469,21.35,82.3428,0,1,BRD-K92742972,CPC008_PC3_24H:BRD-K92742972-001-06-2:10,trt_cp,PC3,N19,CPC008_PC3_24H_X1_B5_DUO52HI53LO|CPC008_PC3_24H_X2_B5_DUO52HI53LO|CPC008_PC3_24H_X3_B5_DUO52HI53LO|CPC008_PC3_24H_X5_B5_DUO52HI53LO,CPC008_PC3_24H_X1_B5_DUO52HI53LO:N19|CPC008_PC3_24H_X2_B5_DUO52HI53LO:N19|CPC008_PC3_24H_X3_B5_DUO52HI53LO:N19|CPC008_PC3_24H_X5_B5_DUO52HI53LO:N19,,CPC,BRD-K92742972,1,1,0,1,BRD-K92742972_10 uM_24 h_PC3,1,BRD-K92742972_10 uM_24 h
b10,10,10.0941,uM,10 uM,6 h,6,h,PC3,BRD-K65809558,3,0.52,434,0.480371,5.87189,"""""""""""""""""""""""""""""""""",12.0643,17.6035,0.262331,0.435042,7.4,28.596,0,1,BRD-K65809558,ERG015_PC3_6H:BRD-K65809558-001-01-5:10.0941,trt_cp,PC3,D08,ERG015_PC3_6H_X1_B10_DUO52HI53LO|ERG015_PC3_6H_X2_B10_DUO52HI53LO|ERG015_PC3_6H_X3_B10_DUO52HI53LO,ERG015_PC3_6H_X1_B10_DUO52HI53LO:D08|ERG015_PC3_6H_X2_B10_DUO52HI53LO:D08|ERG015_PC3_6H_X3_B10_DUO52HI53LO:D08,,ERG,BRD-K65809558,1,1,0,1,BRD-K65809558_10 uM_6 h_PC3,1,BRD-K65809558_10 uM_6 h
b12,10,9.96331,uM,10 uM,6 h,6,h,PC3,BRD-K49870009-019-01-5,3,0.3663,272,0.319178,4.23042,"0.36,0.24,0.40",13.4771,35.2431,0.226728,0.255018,9.93,41.6021,0,1,BRD-K49870009,ERG012_PC3_6H:I14,trt_cp,PC3,I14,ERG012_PC3_6H_X1.A2_B12|ERG012_PC3_6H_X2.A2_B7_DUO52HI53LO|ERG012_PC3_6H_X3.A2_B7_DUO52HI53LO,ERG012_PC3_6H_X1.A2_B12:I14|ERG012_PC3_6H_X2.A2_B7_DUO52HI53LO:I14|ERG012_PC3_6H_X3.A2_B7_DUO52HI53LO:I14,,ERG,BRD-K49870009,1,1,0,1,BRD-K49870009_10 uM_6 h_PC3,1,BRD-K49870009_10 uM_6 h
b12,10,10.0792,uM,10 uM,6 h,6,h,PC3,BRD-K43498025-001-01-9,3,0.3113,383,0.349156,13.1863,"0.49,0.02,0.48",44.5717,9.50741,0.00789928,0.461627,9.93,41.6021,0,1,BRD-K43498025,ERG012_PC3_6H:G23,trt_cp,PC3,G23,ERG012_PC3_6H_X1.A2_B12|ERG012_PC3_6H_X2.A2_B7_DUO52HI53LO|ERG012_PC3_6H_X3.A2_B7_DUO52HI53LO,ERG012_PC3_6H_X1.A2_B12:G23|ERG012_PC3_6H_X2.A2_B7_DUO52HI53LO:G23|ERG012_PC3_6H_X3.A2_B7_DUO52HI53LO:G23,,ERG,BRD-K43498025,1,1,0,1,BRD-K43498025_10 uM_6 h_PC3,1,BRD-K43498025_10 uM_6 h
b10,10,10.0319,uM,10 uM,24 h,24,h,PC3,BRD-K62083683,3,0.72,411,0.55007,0,"""""""""""""""""""""""""""""""""",0,0,0.711788,0.792138,9.27,38.3864,1,1,BRD-K62083683,ERG014_PC3_24H:BRD-K62083683-001-01-8:10.0319,trt_cp,PC3,H12,ERG014_PC3_24H_X1_B10_DUO52HI53LO|ERG014_PC3_24H_X2_B10_DUO52HI53LO|ERG014_PC3_24H_X3_B10_DUO52HI53LO,ERG014_PC3_24H_X1_B10_DUO52HI53LO:H12|ERG014_PC3_24H_X2_B10_DUO52HI53LO:H12|ERG014_PC3_24H_X3_B10_DUO52HI53LO:H12,,ERG,BRD-K62083683,1,1,0,1,BRD-K62083683_10 uM_24 h_PC3,1,BRD-K62083683_10 uM_24 h
b19,0.37,0.37,uM,0.37 uM,24 h,24,h,PC3,BRD-K21680192,3,0.47,283,0.368785,0.111408,"0.33,0.31,0.36",0,0.26455,0.429561,0.643873,9.63,40.1665,1,1,BRD-K21680192,LJP006_PC3_24H:C22,trt_cp,PC3,C22,LJP006_PC3_24H_X1_B19|LJP006_PC3_24H_X2_B19|LJP006_PC3_24H_X3_B19,LJP006_PC3_24H_X1_B19:C22|LJP006_PC3_24H_X2_B19:C22|LJP006_PC3_24H_X3_B19:C22,,LJP,mitoxantrone,1,1,0,1,mitoxantrone_0.37 uM_24 h_PC3,1,mitoxantrone_0.37 uM_24 h
b22,0.08,0.0854701,uM,0.08 uM,24 h,24,h,PC3,BRD-K36467523,3,0.836,642,0.7408,0.0222025,"0.33,0.34,0.33",0.132626,0.265252,0.828588,0.892028,10.39,44.387,1,1,BRD-K36467523,REP.B003_PC3_24H:O16,trt_cp,PC3,O16,REP.B003_PC3_24H_X1_B22|REP.B003_PC3_24H_X2_B22|REP.B003_PC3_24H_X3_B22,REP.B003_PC3_24H_X1_B22:O16|REP.B003_PC3_24H_X2_B22:O16|REP.B003_PC3_24H_X3_B22:O16,,REP,bindarit,1,1,0,1,bindarit_0.08 uM_24 h_PC3,1,bindarit_0.08 uM_24 h
b23,10,10,uM,10 uM,24 h,24,h,PC3,BRD-A82396632,3,0.728,466,0.588965,0,"0.34,0.34,0.33",0,0,0.703872,0.853743,13.08,57.7089,1,1,BRD-A82396632,REP.A021_PC3_24H:E19,trt_cp,PC3,E19,REP.A021_PC3_24H_X1_B23|REP.A021_PC3_24H_X2_B23|REP.A021_PC3_24H_X3_B23,REP.A021_PC3_24H_X1_B23:E19|REP.A021_PC3_24H_X2_B23:E19|REP.A021_PC3_24H_X3_B23:E19,,REP,miconazole,1,1,0,1,miconazole_10 uM_24 h_PC3,1,miconazole_10 uM_24 h
b23,1.11,1.11111,uM,1.11 uM,24 h,24,h,PC3,BRD-K81332461,3,0.4484,208,0.308813,0.442087,"0.34,0.32,0.34",0.531915,0,0.417168,0.77659,13.08,57.7089,1,1,BRD-K81332461,REP.A021_PC3_24H:D03,trt_cp,PC3,D03,REP.A021_PC3_24H_X1_B23|REP.A021_PC3_24H_X2_B23|REP.A021_PC3_24H_X3_B23,REP.A021_PC3_24H_X1_B23:D03|REP.A021_PC3_24H_X2_B23:D03|REP.A021_PC3_24H_X3_B23:D03,,REP,maxacalcitol,1,1,0,1,maxacalcitol_1.11 uM_24 h_PC3,1,maxacalcitol_1.11 uM_24 h
b22,2.22,2.30769,uM,2.22 uM,24 h,24,h,PC3,BRD-K09372874,3,0.5666,286,0.407054,0,"0.32,0.37,0.31",0,0,0.538,0.776673,11.9,51.4786,1,1,BRD-K09372874,REP.B005_PC3_24H:H07,trt_cp,PC3,H07,REP.B005_PC3_24H_X1_B22|REP.B005_PC3_24H_X2_B22|REP.B005_PC3_24H_X3.A2_B22,REP.B005_PC3_24H_X1_B22:H07|REP.B005_PC3_24H_X2_B22:H07|REP.B005_PC3_24H_X3.A2_B22:H07,,REP,merimepodib,1,1,0,1,merimepodib_2.22 uM_24 h_PC3,1,merimepodib_2.22 uM_24 h
b23,10,10,uM,10 uM,24 h,24,h,PC3,BRD-K85751432,3,0.5979,458,0.529149,0.984781,"0.33,0.34,0.33",0.933333,1.86667,0.580888,0.639536,10.41,44.4444,1,1,BRD-K85751432,REP.A020_PC3_24H:F01,trt_cp,PC3,F01,REP.A020_PC3_24H_X1_B23|REP.A020_PC3_24H_X2_B23|REP.A020_PC3_24H_X3_B23,REP.A020_PC3_24H_X1_B23:F01|REP.A020_PC3_24H_X2_B23:F01|REP.A020_PC3_24H_X3_B23:F01,,REP,refametinib,1,1,0,1,refametinib_10 uM_24 h_PC3,1,refametinib_10 uM_24 h
b23,0.04,0.0411523,uM,0.04 uM,24 h,24,h,PC3,BRD-K45152786,3,0.4165,243,0.321693,0.246195,"0.36,0.24,0.40",1.06667,8.13333,0.245698,0.428957,10.41,44.4444,1,1,BRD-K45152786,REP.A020_PC3_24H:I24,trt_cp,PC3,I24,REP.A020_PC3_24H_X1_B23|REP.A020_PC3_24H_X2_B23|REP.A020_PC3_24H_X3_B23,REP.A020_PC3_24H_X1_B23:I24|REP.A020_PC3_24H_X2_B23:I24|REP.A020_PC3_24H_X3_B23:I24,,REP,merbarone,1,1,0,1,merbarone_0.04 uM_24 h_PC3,1,merbarone_0.04 uM_24 h
b23,10,10,uM,10 uM,24 h,24,h,PC3,BRD-K78692225,3,0.491,300,0.38809,0,"0.33,0.33,0.34",0,0,0.479257,0.697547,13.27,58.5702,1,1,BRD-K78692225,REP.A024_PC3_24H:M19,trt_cp,PC3,M19,REP.A024_PC3_24H_X1_B23|REP.A024_PC3_24H_X2_B23|REP.A024_PC3_24H_X3_B23,REP.A024_PC3_24H_X1_B23:M19|REP.A024_PC3_24H_X2_B23:M19|REP.A024_PC3_24H_X3_B23:M19,,REP,leflunomide,1,1,0,1,leflunomide_10 uM_24 h_PC3,1,leflunomide_10 uM_24 h
b22,2.22,2.30769,uM,2.22 uM,24 h,24,h,PC3,BRD-K17026858,3,0.4553,322,0.387175,0.181818,"0.39,0.34,0.27",0,0,0.350387,0.70722,10.35,44.0712,1,1,BRD-K17026858,REP.B002_PC3_24H:I01,trt_cp,PC3,I01,REP.B002_PC3_24H_X1_B22|REP.B002_PC3_24H_X2_B22|REP.B002_PC3_24H_X3_B22,REP.B002_PC3_24H_X1_B22:I01|REP.B002_PC3_24H_X2_B22:I01|REP.B002_PC3_24H_X3_B22:I01,,REP,pibenzimol,1,1,0,1,pibenzimol_2.22 uM_24 h_PC3,1,pibenzimol_2.22 uM_24 h
b34,10,10,uM,10 uM,24 h,24,h,PC3,BRD-A51571244,3,0.69,443,0.559058,0,"0.34,0.33,0.34",0,0,0.650234,0.802249,25.84,88.6592,1,1,BRD-A51571244,MOAR006_PC3_24H:C04,trt_cp,PC3,C04,MOAR006_PC3_24H_X1_B34|MOAR006_PC3_24H_X2_B34|MOAR006_PC3_24H_X3_B34,MOAR006_PC3_24H_X1_B34:C04|MOAR006_PC3_24H_X2_B34:C04|MOAR006_PC3_24H_X3_B34:C04,,MOAR,hypoestoxide,1,1,0,1,hypoestoxide_10 uM_24 h_PC3,1,hypoestoxide_10 uM_24 h
b33,10,10,uM,10 uM,24 h,24,h,PC3,BRD-K19412342,3,0.62,308,0.441877,0,"0.33,0.36,0.31",0,0.134048,0.563518,0.78079,22.52,83.9506,1,1,BRD-K19412342,MOAR001_PC3_24H:C07,trt_cp,PC3,C07,MOAR001_PC3_24H_X1.A2_B33|MOAR001_PC3_24H_X2.A2_B3|MOAR001_PC3_24H_X3_B33,MOAR001_PC3_24H_X1.A2_B33:C07|MOAR001_PC3_24H_X2.A2_B3:C07|MOAR001_PC3_24H_X3_B33:C07,,MOAR,valspodar,1,1,0,1,valspodar_10 uM_24 h_PC3,1,valspodar_10 uM_24 h
b33,1.11,1.11111,uM,1.11 uM,24 h,24,h,PC3,BRD-K66615216,3,0.42,345,0.384915,0,"0.26,0.42,0.32",0.806452,11.4035,0.338475,0.405822,22.52,83.9506,1,1,BRD-K66615216,MOAR001_PC3_24H:J03,trt_cp,PC3,J03,MOAR001_PC3_24H_X1.A2_B33|MOAR001_PC3_24H_X2.A2_B3|MOAR001_PC3_24H_X3_B33,MOAR001_PC3_24H_X1.A2_B33:J03|MOAR001_PC3_24H_X2.A2_B3:J03|MOAR001_PC3_24H_X3_B33:J03,,MOAR,moxifloxacin,1,1,0,1,moxifloxacin_1.11 uM_24 h_PC3,1,moxifloxacin_1.11 uM_24 h
b33,10,10,uM,10 uM,24 h,24,h,PC3,BRD-K02017404,3,0.5,307,0.396173,0,"0.33,0.33,0.33",0,0,0.497646,0.77295,16.67,70.5714,1,1,BRD-K02017404,MOAR002_PC3_24H:M22,trt_cp,PC3,M22,MOAR002_PC3_24H_X1.A2_B33|MOAR002_PC3_24H_X2_B33|MOAR002_PC3_24H_X3_B33,MOAR002_PC3_24H_X1.A2_B33:M22|MOAR002_PC3_24H_X2_B33:M22|MOAR002_PC3_24H_X3_B33:M22,,MOAR,NVP-BSK805,1,1,0,1,NVP-BSK805_10 uM_24 h_PC3,1,NVP-BSK805_10 uM_24 h
b34,3.33,3.42084,uM,3.33 uM,24 h,24,h,PC3,BRD-K05445342,3,0.77,684,0.733844,0,"0.33,0.34,0.33",0,0,0.761827,0.777816,24.6,86.9365,1,1,BRD-K05445342,MOAR004_PC3_24H:D17,trt_cp,PC3,D17,MOAR004_PC3_24H_X1_B34|MOAR004_PC3_24H_X2_B34|MOAR004_PC3_24H_X3_B34,MOAR004_PC3_24H_X1_B34:D17|MOAR004_PC3_24H_X2_B34:D17|MOAR004_PC3_24H_X3_B34:D17,,MOAR,WP-1066,1,1,0,1,WP-1066_3.33 uM_24 h_PC3,1,WP-1066_3.33 uM_24 h
b33,10,10,uM,10 uM,24 h,24,h,PC3,BRD-K40496271,3,0.6,461,0.53181,0,"0.34,0.30,0.36",0,0,0.490871,0.727414,16.67,70.5714,1,1,BRD-K40496271,MOAR002_PC3_24H:P19,trt_cp,PC3,P19,MOAR002_PC3_24H_X1.A2_B33|MOAR002_PC3_24H_X2_B33|MOAR002_PC3_24H_X3_B33,MOAR002_PC3_24H_X1.A2_B33:P19|MOAR002_PC3_24H_X2_B33:P19|MOAR002_PC3_24H_X3_B33:P19,,MOAR,eltrombopag,1,1,0,1,eltrombopag_10 uM_24 h_PC3,1,eltrombopag_10 uM_24 h
b34,10,10,uM,10 uM,24 h,24,h,PC3,BRD-K15567136,3,0.49,303,0.389628,0,"0.36,0.29,0.35",0,0,0.367461,0.668384,25.84,88.6592,1,1,BRD-K15567136,MOAR006_PC3_24H:F01,trt_cp,PC3,F01,MOAR006_PC3_24H_X1_B34|MOAR006_PC3_24H_X2_B34|MOAR006_PC3_24H_X3_B34,MOAR006_PC3_24H_X1_B34:F01|MOAR006_PC3_24H_X2_B34:F01|MOAR006_PC3_24H_X3_B34:F01,,MOAR,papaverine,1,1,0,1,papaverine_10 uM_24 h_PC3,1,papaverine_10 uM_24 h
b33,10,9.98727,uM,10 uM,24 h,24,h,PC3,BRD-K59831625,3,0.87,792,0.839369,0,"0.33,0.34,0.33",0,0,0.858474,0.857948,16.67,70.5714,1,1,BRD-K59831625,MOAR002_PC3_24H:P13,trt_cp,PC3,P13,MOAR002_PC3_24H_X1.A2_B33|MOAR002_PC3_24H_X2_B33|MOAR002_PC3_24H_X3_B33,MOAR002_PC3_24H_X1.A2_B33:P13|MOAR002_PC3_24H_X2_B33:P13|MOAR002_PC3_24H_X3_B33:P13,,MOAR,LDN-212854,1,1,0,1,LDN-212854_10 uM_24 h_PC3,1,LDN-212854_10 uM_24 h
b34,10,9.31171,uM,10 uM,24 h,24,h,PC3,BRD-K25723200,3,0.55,384,0.464705,0,"0.36,0.30,0.34",0,0,0.450748,0.680753,23.96,85.9604,1,1,BRD-K25723200,MOAR007_PC3_24H:E22,trt_cp,PC3,E22,MOAR007_PC3_24H_X1_B34|MOAR007_PC3_24H_X2_B34|MOAR007_PC3_24H_X3_B34,MOAR007_PC3_24H_X1_B34:E22|MOAR007_PC3_24H_X2_B34:E22|MOAR007_PC3_24H_X3_B34:E22,,MOAR,azilsartan-medoxomil,1,1,0,1,azilsartan-medoxomil_10 uM_24 h_PC3,1,azilsartan-medoxomil_10 uM_24 h
b34,10,10,uM,10 uM,24 h,24,h,PC3,BRD-K97714174,3,0.55,284,0.399642,0,"0.34,0.33,0.33",0,0,0.535712,0.698006,25.84,88.6592,1,1,BRD-K97714174,MOAR006_PC3_24H:J07,trt_cp,PC3,J07,MOAR006_PC3_24H_X1_B34|MOAR006_PC3_24H_X2_B34|MOAR006_PC3_24H_X3_B34,MOAR006_PC3_24H_X1_B34:J07|MOAR006_PC3_24H_X2_B34:J07|MOAR006_PC3_24H_X3_B34:J07,,MOAR,P-22077,1,1,0,1,P-22077_10 uM_24 h_PC3,1,P-22077_10 uM_24 h
b33,10,9.88739,uM,10 uM,24 h,24,h,PC3,BRD-K87718015,3,0.35,294,0.324368,0.244227,"0.35,0.35,0.30",0.800713,0.4,0.291187,0.609333,16.67,70.5714,1,1,BRD-K87718015,MOAR002_PC3_24H:P01,trt_cp,PC3,P01,MOAR002_PC3_24H_X1.A2_B33|MOAR002_PC3_24H_X2_B33|MOAR002_PC3_24H_X3_B33,MOAR002_PC3_24H_X1.A2_B33:P01|MOAR002_PC3_24H_X2_B33:P01|MOAR002_PC3_24H_X3_B33:P01,,MOAR,dynasore,1,1,0,1,dynasore_10 uM_24 h_PC3,1,dynasore_10 uM_24 h
b33,3.33,3.33333,uM,3.33 uM,24 h,24,h,PC3,BRD-A25687296,3,0.55,235,0.363535,0,"0.34,0.33,0.33",0,0,0.537558,0.743496,16.67,70.5714,1,1,BRD-A25687296,MOAR002_PC3_24H:N08,trt_cp,PC3,N08,MOAR002_PC3_24H_X1.A2_B33|MOAR002_PC3_24H_X2_B33|MOAR002_PC3_24H_X3_B33,MOAR002_PC3_24H_X1.A2_B33:N08|MOAR002_PC3_24H_X2_B33:N08|MOAR002_PC3_24H_X3_B33:N08,,MOAR,emetine,1,1,0,1,emetine_3.33 uM_24 h_PC3,1,emetine_3.33 uM_24 h
b33,10,10,uM,10 uM,24 h,24,h,PC3,BRD-K88701661,3,0.31,313,0.31498,1.20428,"0.33,0.25,0.42",3.47844,7.49452,0.228388,0.420506,22.52,83.9506,1,1,BRD-K88701661,MOAR001_PC3_24H:P04,trt_cp,PC3,P04,MOAR001_PC3_24H_X1.A2_B33|MOAR001_PC3_24H_X2.A2_B3|MOAR001_PC3_24H_X3_B33,MOAR001_PC3_24H_X1.A2_B33:P04|MOAR001_PC3_24H_X2.A2_B3:P04|MOAR001_PC3_24H_X3_B33:P04,,MOAR,dimercaptosuccinic-acid,1,1,0,1,dimercaptosuccinic-acid_10 uM_24 h_PC3,1,dimercaptosuccinic-acid_10 uM_24 h
b13,10,10,uM,10 uM,24 h,24,h,PC3,BRD-K56411643,3,0.6,423,0.50942,0,"""""""""""""""""""""""""""""""""",0,0.268097,0.54374,0.775679,27.99,90.7264,1,1,BRD-K56411643,PCLB003_PC3_24H:BRD-K56411643-001-02-6:10,trt_cp,PC3,J13,PCLB003_PC3_24H_X1_B13|PCLB003_PC3_24H_X2_B13|PCLB003_PC3_24H_X3_B13,PCLB003_PC3_24H_X1_B13:J13|PCLB003_PC3_24H_X2_B13:J13|PCLB003_PC3_24H_X3_B13:J13,,PCLB,BRD-K56411643,1,1,0,1,BRD-K56411643_10 uM_24 h_PC3,1,BRD-K56411643_10 uM_24 h
f1b7,10,10,uM,10 uM,6 h,6,h,PC3,BRD-A42383464-001-04-8,3,0.8,573,0.684625,0,"0.33,0.33,0.33",0.13587,0.13587,0.793676,0.839603,9.1,37.5538,1,1,BRD-A42383464,CRCGN004_PC3_6H:BRD-A42383464-001-04-8:10,trt_cp,PC3,C15|D11|H14,CRCGN004_PC3_6H_X2_F1B7_DUO52HI53LO,CRCGN004_PC3_6H_X2_F1B7_DUO52HI53LO:C15|CRCGN004_PC3_6H_X2_F1B7_DUO52HI53LO:D11|CRCGN004_PC3_6H_X2_F1B7_DUO52HI53LO:H14,,CRCGN,actinomycin-d,1,1,0,1,actinomycin-d_10 uM_6 h_PC3,1,actinomycin-d_10 uM_6 h
f1b7,20,20,uM,20 uM,24 h,24,h,PC3,BRD-A83815268-001-06-2,6,0.37,358,0.368021,1.98864,"0.23,0.02,0.22,0.23,0.13,0.16",14.6467,31.6916,0.224424,0.30838,15.03,64.8292,0,1,BRD-A83815268,CRCGN004_PC3_24H:BRD-A83815268-001-06-2:20,trt_cp,PC3,C16|G20|H12,CRCGN004_PC3_24H_X1_F1B7_DUO52HI53LO|CRCGN004_PC3_24H_X2_F1B7_DUO52HI53LO,CRCGN004_PC3_24H_X1_F1B7_DUO52HI53LO:C16|CRCGN004_PC3_24H_X1_F1B7_DUO52HI53LO:G20|CRCGN004_PC3_24H_X1_F1B7_DUO52HI53LO:H12|CRCGN004_PC3_24H_X2_F1B7_DUO52HI53LO:C16|CRCGN004_PC3_24H_X2_F1B7_DUO52HI53LO:G20|CRCGN004_PC3_24H_X2_F1B7_DUO52HI53LO:H12,,CRCGN,silibinin,1,1,0,1,silibinin_20 uM_24 h_PC3,1,silibinin_20 uM_24 h
b21,10,10,uM,10 uM,24 h,24,h,PC3,BRD-K42828737,3,0.56,323,0.430057,0,"0.32,0.34,0.34",0,0,0.524708,0.72557,22.03,83.3477,1,1,BRD-K42828737,PBIOA016_PC3_24H:F19,trt_cp,PC3,F19,PBIOA016_PC3_24H_X1_B21|PBIOA016_PC3_24H_X2_B21|PBIOA016_PC3_24H_X3_B21,PBIOA016_PC3_24H_X1_B21:F19|PBIOA016_PC3_24H_X2_B21:F19|PBIOA016_PC3_24H_X3_B21:F19,,PBIOA,sunitinib,1,1,0,1,sunitinib_10 uM_24 h_PC3,1,sunitinib_10 uM_24 h
b21,10,10,uM,10 uM,24 h,24,h,PC3,BRD-K59204667,3,0.52,301,0.400051,0.0220653,"0.27,0.37,0.36",0.132275,0.26455,0.349809,0.604401,24.73,87.1949,1,1,BRD-K59204667,PBIOA021_PC3_24H:M13,trt_cp,PC3,M13,PBIOA021_PC3_24H_X1_B21|PBIOA021_PC3_24H_X2_B21|PBIOA021_PC3_24H_X3_B21,PBIOA021_PC3_24H_X1_B21:M13|PBIOA021_PC3_24H_X2_B21:M13|PBIOA021_PC3_24H_X3_B21:M13,,PBIOA,DBeQ,1,1,0,1,DBeQ_10 uM_24 h_PC3,1,DBeQ_10 uM_24 h
b21,3.33,3.33333,uM,3.33 uM,24 h,24,h,PC3,BRD-A06352508,3,0.42,284,0.349232,0.022242,"0.32,0.33,0.35",0,0.13369,0.410554,0.683711,22.03,83.3477,1,1,BRD-A06352508,PBIOA016_PC3_24H:F02,trt_cp,PC3,F02,PBIOA016_PC3_24H_X1_B21|PBIOA016_PC3_24H_X2_B21|PBIOA016_PC3_24H_X3_B21,PBIOA016_PC3_24H_X1_B21:F02|PBIOA016_PC3_24H_X2_B21:F02|PBIOA016_PC3_24H_X3_B21:F02,,PBIOA,SB-218078,1,1,0,1,SB-218078_3.33 uM_24 h_PC3,1,SB-218078_3.33 uM_24 h
b19,20,20,uM,20 uM,24 h,24,h,PC3,BRD-K80648041,3,0.39,235,0.306124,0.201072,"0.40,0.32,0.29",0.268817,0.537274,0.346492,0.655565,20.15,79.9885,1,1,BRD-K80648041,DOSVAL003_PC3_24H:BRD-K80648041:20,trt_cp,PC3,A22,DOSVAL003_PC3_24H_X1_B19|DOSVAL003_PC3_24H_X2_B19|DOSVAL003_PC3_24H_X3_B19,DOSVAL003_PC3_24H_X1_B19:A22|DOSVAL003_PC3_24H_X2_B19:A22|DOSVAL003_PC3_24H_X3_B19:A22,,DOSVAL,BRD-K80648041,1,1,0,1,BRD-K80648041_20 uM_24 h_PC3,1,BRD-K80648041_20 uM_24 h
b19,20,20,uM,20 uM,24 h,24,h,PC3,BRD-A53134341,3,0.74,595,0.670973,0,"0.34,0.33,0.33",0,0,0.728145,0.867086,20.15,79.9885,1,1,BRD-A53134341,DOSVAL003_PC3_24H:BRD-A53134341:20,trt_cp,PC3,N16,DOSVAL003_PC3_24H_X1_B19|DOSVAL003_PC3_24H_X2_B19|DOSVAL003_PC3_24H_X3_B19,DOSVAL003_PC3_24H_X1_B19:N16|DOSVAL003_PC3_24H_X2_B19:N16|DOSVAL003_PC3_24H_X3_B19:N16,,DOSVAL,Ro-106-9920,1,1,0,1,Ro-106-9920_20 uM_24 h_PC3,1,Ro-106-9920_20 uM_24 h
b19,20,20,uM,20 uM,24 h,24,h,PC3,BRD-K01404579,3,0.55,295,0.407308,0,"0.38,0.33,0.29",0.402145,0.402145,0.45459,0.762859,24.76,87.2811,1,1,BRD-K01404579,DOSVAL005_PC3_24H:BRD-K01404579:20,trt_cp,PC3,J04,DOSVAL005_PC3_24H_X1_B19|DOSVAL005_PC3_24H_X2_B19|DOSVAL005_PC3_24H_X3_B19,DOSVAL005_PC3_24H_X1_B19:J04|DOSVAL005_PC3_24H_X2_B19:J04|DOSVAL005_PC3_24H_X3_B19:J04,,DOSVAL,BRD-K01404579,1,1,0,1,BRD-K01404579_20 uM_24 h_PC3,1,BRD-K01404579_20 uM_24 h
b19,10,10,uM,10 uM,24 h,24,h,PC3,BRD-K33217566,3,0.34,289,0.316971,0.607014,"0.36,0.32,0.32",2.29728,15.2679,0.33658,0.491633,24.76,87.2811,1,1,BRD-K33217566,DOSVAL005_PC3_24H:BRD-K33217566:10,trt_cp,PC3,M23,DOSVAL005_PC3_24H_X1_B19|DOSVAL005_PC3_24H_X2_B19|DOSVAL005_PC3_24H_X3_B19,DOSVAL005_PC3_24H_X1_B19:M23|DOSVAL005_PC3_24H_X2_B19:M23|DOSVAL005_PC3_24H_X3_B19:M23,,DOSVAL,BRD-K33217566,1,1,0,1,BRD-K33217566_10 uM_24 h_PC3,1,BRD-K33217566_10 uM_24 h
b18,10,10,uM,10 uM,24 h,24,h,PC3,BRD-K03861125,3,0.46,219,0.320946,0.0703565,"0.32,0.34,0.33",0.152439,4.08722,0.433759,0.5868,20.9,81.2805,1,1,BRD-K03861125,DOSVAL001_PC3_24H:BRD-K03861125:10,trt_cp,PC3,J22,DOSVAL001_PC3_24H_X1_B18|DOSVAL001_PC3_24H_X2_B18|DOSVAL001_PC3_24H_X3_B18,DOSVAL001_PC3_24H_X1_B18:J22|DOSVAL001_PC3_24H_X2_B18:J22|DOSVAL001_PC3_24H_X3_B18:J22,,DOSVAL,BRD-K03861125,1,1,0,1,BRD-K03861125_10 uM_24 h_PC3,1,BRD-K03861125_10 uM_24 h
b19,4,5,uM,4 uM,24 h,24,h,PC3,BRD-K14396276,3,0.32,337,0.332063,10.5441,"0.46,0.08,0.46",32.9201,19.5574,0.0422493,0.500877,24.76,87.2811,0,1,BRD-K14396276,DOSVAL005_PC3_24H:BRD-K14396276:5,trt_cp,PC3,H24,DOSVAL005_PC3_24H_X1_B19|DOSVAL005_PC3_24H_X2_B19|DOSVAL005_PC3_24H_X3_B19,DOSVAL005_PC3_24H_X1_B19:H24|DOSVAL005_PC3_24H_X2_B19:H24|DOSVAL005_PC3_24H_X3_B19:H24,,DOSVAL,BRD-K14396276,1,1,0,1,BRD-K14396276_4 uM_24 h_PC3,1,BRD-K14396276_4 uM_24 h
b19,10,10,uM,10 uM,24 h,24,h,PC3,BRD-K06852269,3,0.51,291,0.389549,0.379803,"0.37,0.26,0.37",1.34192,0.134048,0.324206,0.741184,20.15,79.9885,1,1,BRD-K06852269,DOSVAL003_PC3_24H:BRD-K06852269:10,trt_cp,PC3,E20,DOSVAL003_PC3_24H_X1_B19|DOSVAL003_PC3_24H_X2_B19|DOSVAL003_PC3_24H_X3_B19,DOSVAL003_PC3_24H_X1_B19:E20|DOSVAL003_PC3_24H_X2_B19:E20|DOSVAL003_PC3_24H_X3_B19:E20,,DOSVAL,BRD-K06852269,1,1,0,1,BRD-K06852269_10 uM_24 h_PC3,1,BRD-K06852269_10 uM_24 h
